.Random.seed <-
c(403L, 276L, -1974324610L, -1102512563L, -395014775L, -597879287L, 
-1769842139L, -1157548386L, 1850461559L, -1177119931L, 1681607264L, 
1713479471L, 1253485890L, 2110351798L, -284941685L, -603763190L, 
-1933779158L, 827684482L, -1612994737L, 1234299481L, -1619409595L, 
1328400003L, 338676814L, 1961866886L, 1324281410L, -1252511894L, 
770319121L, -427482920L, -1733901960L, 233409548L, 392453372L, 
186768784L, -1033090785L, 1046428246L, -662477662L, -1015291384L, 
-274296978L, 1901489018L, -235930814L, -2065564732L, 874306749L, 
339597175L, -800106084L, -681085233L, -2031128756L, -1584767925L, 
1131434045L, -161917911L, -1770837590L, -882823417L, -1730221180L, 
243929250L, -736384860L, -1026391528L, 1385650418L, -907408412L, 
-1955239338L, 1193831914L, 1716943419L, 984829456L, 982275043L, 
651209581L, -180539168L, 1053395905L, -520885849L, 2033149512L, 
1404353655L, -799637012L, -1376203927L, -546316047L, -2134079311L, 
79412187L, 693307731L, 1640948723L, -1968030994L, 1838216491L, 
1642102854L, -933482016L, -329549478L, 2028131858L, 1021040279L, 
-575438636L, -143726366L, 295763114L, 1048697656L, -519123531L, 
-1545850616L, -2082514925L, -1938677376L, -481260199L, 663367278L, 
-1487312872L, -400297581L, -61822927L, -399265011L, -1422819473L, 
-428028596L, -91675068L, 1063422771L, -222174158L, -1813279173L, 
-457595545L, -717464337L, -697636411L, -1156164886L, -1618333865L, 
477202614L, 547215409L, -339307714L, -1491644880L, 1696453342L, 
2128288631L, 484896043L, 153765620L, 1651457749L, 2058313699L, 
563073041L, -289812762L, 482167346L, -179517849L, 1176328726L, 
-1461232592L, -1364365552L, 1758051924L, 544928960L, 141258122L, 
-170758784L, 1781080130L, -1737514795L, -1440991938L, 539291990L, 
-947777523L, 1664013360L, 880157833L, -2090015711L, 612339780L, 
-877821371L, -699548381L, 1129574445L, -1905958290L, -1350991551L, 
2101033390L, 1698211735L, 1348406266L, -324046669L, 421883415L, 
1483068475L, -1601592409L, 1816954581L, -1437618543L, -60607748L, 
1885595471L, -1796027328L, -333111869L, -2100867478L, -1691196376L, 
-1620418268L, -828682549L, -282033475L, 1349443877L, -1645393268L, 
104026654L, -2018560814L, 1296016159L, 524856555L, -870681427L, 
-1301042718L, -2049325326L, 761846614L, 1264134953L, 1222208918L, 
36313231L, -1420024051L, 1224476179L, -534275338L, 1792102657L, 
1849820923L, 1169731398L, -1492392115L, -1007675093L, 1371961254L, 
528174498L, -790869668L, 6458287L, -284675829L, -1694399876L, 
672218945L, 218355846L, 647419347L, 1061835145L, 1732891459L, 
-1985077114L, 51308486L, 2059214889L, 1695689377L, 35402581L, 
-1588649646L, 1092133562L, -1609302056L, -102904749L, 2069996490L, 
-1940772601L, 1541790147L, -979613895L, -1847971556L, 24402184L, 
-73594481L, -1234839389L, -803266860L, -125056977L, 506113005L, 
-120752012L, 465954731L, -1018418557L, 1706133059L, 164109409L, 
-765170905L, 578410133L, -1662204302L, -2040857675L, 1434039308L, 
-128707358L, 282974584L, -1703542210L, 1846777421L, 611443633L, 
1859292195L, 150540841L, -679668342L, 756381926L, 2099066268L, 
-956638296L, -2108903239L, -422204040L, 213347248L, 745294419L, 
692724847L, 71987919L, -2049543270L, -88752891L, 1184792701L, 
931546481L, 1548040911L, 567717438L, -2131538391L, 549918597L, 
-918107584L, -1992947398L, 1089237803L, -1753847163L, 709639784L, 
-1133535682L, -1616499936L, -1025246224L, -2114080422L, -2135307505L, 
1763443163L, -1345818557L, -608072979L, -1334575978L, -820387411L, 
1752877034L, -556301748L, 1729530967L, -330064084L, 664506034L, 
1078813055L, -266470398L, -18640420L, -1352848974L, 1197082443L, 
-786773104L, -1474178810L, -10545937L, -1676021657L, -1979867645L, 
1824975663L, 337417342L, -1789912890L, 1904276199L, 1993095131L, 
842454424L, 999751662L, 82985049L, 282498493L, 835687682L, 289632322L, 
431317948L, 1660065002L, 1431545385L, -2045671282L, 663888089L, 
-1288663302L, -1357822280L, -1743441867L, 1418370360L, 1582401858L, 
-592390728L, -1006568712L, -1064170168L, 1625176248L, 636030859L, 
872008564L, -1233981837L, -1257682755L, 665604414L, -2096539211L, 
-1902703221L, -1849511259L, -77763770L, 621356652L, 145047036L, 
263424570L, -977353392L, 860762219L, -1152905150L, 1662998901L, 
-1455294172L, 1921091638L, -404183677L, 346322561L, 2088781427L, 
1395764926L, -1074324690L, 854427284L, -1893156584L, -793513955L, 
-393801695L, -1101605546L, -1721090346L, 1839886448L, 1703463583L, 
-1607873825L, 1175882974L, 1003002750L, -1946011956L, 1896019576L, 
-1009233689L, -769551992L, -1499326919L, 1431625328L, -1154897895L, 
-183295869L, 598677946L, -605177290L, -696927297L, 311988011L, 
-1553786982L, 573253433L, -1368046779L, 1142889289L, -786607681L, 
381243193L, -497003058L, -1702179847L, -154196935L, -1538860658L, 
7588689L, -2016641720L, 498145565L, -512822214L, -458351132L, 
-1408803613L, 1124814765L, -40063297L, 384487586L, -1944163679L, 
469963568L, -549003853L, 526581443L, 263786572L, 487461144L, 
-1194429978L, 1954907857L, -1874263699L, 29817328L, 1853798308L, 
395804548L, -1092604857L, -934913519L, -1357608345L, 949251640L, 
-1484617183L, -1233400857L, -1330680061L, 1330247154L, 506058080L, 
695317354L, -2104358620L, -455593957L, -465011452L, -570717027L, 
2107957855L, -586891749L, 1233630393L, 521757387L, -1780091724L, 
-1884476184L, 146065576L, 511032862L, -489845032L, -737592910L, 
256717769L, -1431780495L, 1620885455L, 1498730165L, 901467710L, 
1289813445L, 355551472L, 1734317284L, -1558303166L, -546329329L, 
-1954987723L, 234204377L, 1598433686L, -457717266L, 1642785579L, 
-1794714856L, 784864187L, 1371541836L, -1952607150L, -1933310034L, 
685828851L, 1746412253L, -766410836L, 1837546417L, 611725472L, 
-2083049609L, 1243264190L, 1628971257L, -789836620L, -582772499L, 
720233430L, -876805258L, 484196170L, 769367522L, 1401550577L, 
-1856176967L, -1087350909L, -112410936L, -1045426309L, -1875333352L, 
454085077L, 1792512029L, 1488594601L, -1248403663L, 193821366L, 
-2103812080L, -1859585413L, 407528946L, 930665534L, 473000564L, 
1668596362L, -982969800L, 1450557113L, -2074903472L, -1674979317L, 
-1882634705L, -1394361348L, 257715473L, 853759741L, 2063659498L, 
-151643314L, -357459861L, 964208661L, -216729790L, 875496776L, 
546737675L, -1933255696L, -1120429430L, 1899989789L, 1577053006L, 
-129448887L, 611920715L, -1377908939L, -1827513058L, 658357881L, 
-1316975562L, 137207387L, -1266131581L, -1130794026L, 611357180L, 
416689803L, -1855854368L, -1412303591L, 1620080002L, -203674168L, 
1352029115L, -450977151L, 1524721740L, 581162574L, 1585361070L, 
607712358L, 1941608651L, -1966833610L, -53109724L, 1002696724L, 
-1025652796L, -1082884535L, 1526127228L, -129325227L, 257127668L, 
720566697L, -429676795L, -971855326L, -1099989183L, 741808861L, 
-1431272208L, 746266296L, -1588782289L, -1390960831L, 1764880073L, 
1021981127L, -1903538531L, -437237909L, -1013508157L, 557061355L, 
879042274L, -1283828767L, 1887341650L, -1154886658L, -1440185145L, 
998381673L, -1731224873L, -544489210L, -1388333447L, 309819874L, 
-358362676L, -212226643L, -319156074L, -901658352L, 776965376L, 
-374181107L, -832283017L, 1386236306L, -1186738350L, 2082315809L, 
1205974680L, -1140850848L, -1321175682L, 829562021L, 1321906530L, 
651815494L, 380807833L, 1041540649L, 1649242887L, -1222376364L, 
1473945259L, -685180622L, 2006674652L, -983990964L, -651430446L, 
283040750L, 385743338L, 1916778479L, 1654033505L, -918396766L, 
-1654628208L, -622754309L, 475654024L, -1915614711L, -790074500L, 
-1900661351L, -1779319061L, 2003586970L, -1337175561L, 1251408531L, 
-1005960306L, 773512605L, 86700478L, 2081733126L, -640770443L, 
428068777L, 1113079661L, -1026100020L, 910401770L, 1262940773L, 
-1113897529L, 1483760001L, 579914888L, 1102749545L, -195608330L, 
-135167397L, -1332557342L, 612777286L, 1917771656L, -1528832844L, 
239434150L, -1621777719L, 1997503214L, 892345211L, -707871686L, 
